0
0 32.5 11.5 -3.5 2
1 13 24 2.5 -2
2 23 17 0 0
3 4 5 8 12
4 25 31 6.3 4.5
5 21 57 2 -3.9
0.972918
0 29.0948 13.4458 -3.5 2
1 15.4323 22.0542 12.6088 12.902
2 23 17 0 0
3 11.7833 16.675 1.63413 2.61568
4 31.1294 35.3781 6.3 4.5
5 22.9458 53.2056 2 -3.9
1.20993
0 28.2652 13.9199 3.15928 -1.89564
1 18.4207 25.1121 12.6088 12.902
2 23 17 -0.29933 0.175106
3 12.1707 17.295 1.63413 2.61568
4 32.6226 36.4447 6.3 4.5
5 23.4199 52.2813 2 -3.9
2.25793
0 31.5762 11.9332 3.15928 -1.89564
1 31.6347 38.6333 -0.874016 8.4125
2 22.6863 17.1835 -0.29933 0.175106
3 13.8832 20.0362 1.63413 2.61568
4 39.2249 41.1607 9.21228 5.46972
5 25.5159 48.1941 2 -3.9
2.73613
0 33.0869 11.0267 3.15928 -1.89564
1 31.2167 42.6562 6.88292 2.40746
2 22.5432 17.2672 -0.29933 0.175106
3 14.6647 21.287 1.63413 2.61568
4 43.6303 43.7763 9.21228 5.46972
5 26.4723 46.3291 -5.75694 2.10504
3.97032
0 36.9861 8.68715 3.15928 -1.89564
1 39.7115 45.6274 6.88292 2.40746
2 22.1737 17.4834 -0.29933 0.175106
3 16.6815 24.5153 1.63413 2.61568
4 55 50.527 -9.21228 5.46972
5 19.3671 48.9271 -5.75694 2.10504
4.69248
0 39.2676 7.3182 3.15928 -1.89564
1 44.6821 47.366 3.37732 -4.3938
2 21.9576 17.6098 -0.29933 0.175106
3 17.8616 26.4042 1.63413 2.61568
4 48.3473 54.477 -8.45507 6.93879
5 15.2097 50.4473 -5.75694 2.10504
4.76785
0 39.5057 7.17531 3.15928 -1.89564
1 44.9366 47.0348 3.37732 -4.3938
2 21.935 17.623 -0.29933 0.175106
3 17.9848 26.6013 1.63413 2.61568
4 47.71 55 -8.45507 -6.93879
5 14.7758 50.6059 -5.75694 2.10504
4.84281
0 39.7425 7.03321 3.15928 -1.89564
1 45.1898 46.7054 1.33609 -12.8064
2 21.9126 17.6361 -0.29933 0.175106
3 18.1073 26.7974 1.63413 2.61568
4 47.0762 54.4799 -8.01416 -5.12167
5 14.3442 50.7637 -5.75694 2.10504
6.81334
0 45.968 3.29779 3.15928 -1.89564
1 47.8226 21.4701 1.33609 -12.8064
2 21.3227 17.9812 -0.29933 0.175106
3 21.3274 31.9517 1.63413 2.61568
4 31.2841 44.3875 -8.01416 -5.12167
5 3 54.9118 5.75694 2.10504
7.44315
0 47.9577 2.1039 3.15928 -1.89564
1 48.6641 13.4045 1.33609 -12.8064
2 21.1342 18.0915 -0.29933 0.175106
3 22.3566 33.5991 -6.03972 -12.3414
4 26.2367 41.1618 -5.38203 0.00861732
5 6.62578 56.2376 5.75694 2.10504
7.70897
0 48.7975 1.6 3.15928 1.89564
1 49.0192 10.0003 1.33609 -12.8064
2 21.0546 18.138 -0.29933 0.175106
3 20.7511 30.3185 -6.03972 -12.3414
4 24.806 41.1641 -5.38203 0.00861732
5 8.15608 56.7971 5.75694 2.10504
7.80535
0 49.102 1.7827 3.15928 1.89564
1 49.148 8.76603 1.33609 -12.8064
2 21.0258 18.1549 -0.29933 0.175106
3 20.169 29.1291 -6.03972 -12.3414
4 24.2873 41.1649 -5.38203 0.00861732
5 8.71092 57 5.75694 -2.10504
7.96792
0 49.6156 2.09088 4.53763 -23.3876
1 49.3652 6.68406 1.12699 -8.97085
2 20.9771 18.1834 -0.29933 0.175106
3 19.1871 27.1227 -6.03972 -12.3414
4 23.4123 41.1663 -5.38203 0.00861732
5 9.64684 56.6578 5.75694 -2.10504
7.98891
0 49.7109 1.6 4.53763 23.3876
1 49.3889 6.49577 1.12699 -8.97085
2 20.9709 18.187 -0.29933 0.175106
3 19.0603 26.8636 -6.03972 -12.3414
4 23.2994 41.1665 -5.38203 0.00861732
5 9.76767 56.6136 5.75694 -2.10504
7.99847
0 49.7543 1.82367 8.8213 -32.0156
1 49.3997 6.40998 0.477137 -0.565991
2 20.968 18.1887 -0.29933 0.175106
3 19.0026 26.7456 -6.03972 -12.3414
4 23.2479 41.1666 -5.38203 0.00861732
5 9.82272 56.5935 5.75694 -2.10504
8.00546
0 49.8159 1.6 8.8213 32.0156
1 49.403 6.40602 0.477137 -0.565991
2 20.9659 18.1899 -0.29933 0.175106
3 18.9604 26.6594 -6.03972 -12.3414
4 23.2103 41.1666 -5.38203 0.00861732
5 9.86294 56.5788 5.75694 -2.10504
8.01253
0 49.8782 1.82629 14.4423 -22.4902
1 49.4064 6.40202 -0.375583 7.70274
2 20.9638 18.1912 -0.29933 0.175106
3 18.9177 26.5722 -6.03972 -12.3414
4 23.1723 41.1667 -5.38203 0.00861732
5 9.90363 56.5639 5.75694 -2.10504
8.02259
0 50.0236 1.6 14.4423 22.4902
1 49.4026 6.47953 -0.375583 7.70274
2 20.9608 18.1929 -0.29933 0.175106
3 18.8569 26.448 -6.03972 -12.3414
4 23.1181 41.1668 -5.38203 0.00861732
5 9.96156 56.5427 5.75694 -2.10504
8.04915
0 50.4072 2.19742 18.7149 3.59589
1 49.3926 6.68414 -1.02375 10.5691
2 20.9528 18.1976 -0.29933 0.175106
3 18.6965 26.1202 -6.03972 -12.3414
4 22.9752 41.167 -5.38203 0.00861732
5 10.1145 56.4868 5.75694 -2.10504
8.07211
0 50.8368 2.27997 18.7149 3.59589
1 49.3691 6.92675 -1.02375 10.5691
2 20.9459 18.2016 1.6553 -6.07424
3 18.5578 25.8369 -10.194 0.940711
4 22.8516 41.1672 -5.38203 0.00861732
5 10.2466 56.4385 5.75694 -2.10504
8.47623
0 58.4 3.73317 -18.7149 3.59589
1 48.9554 11.198 -1.02375 10.5691
2 21.6149 15.7468 1.6553 -6.07424
3 14.4382 26.217 -10.194 0.940711
4 20.6766 41.1707 -5.38203 0.00861732
5 12.5732 55.5878 5.75694 -2.10504
9.54923
0 38.319 7.59155 -18.7149 3.59589
1 47.8569 22.5386 -1.02375 10.5691
2 23.391 9.22919 1.6553 -6.07424
3 3.5 27.2264 10.194 0.940711
4 14.9017 41.1799 -5.38203 0.00861732
5 18.7504 53.329 5.75694 -2.10504
10.0187
0 29.5337 9.27957 3.70558 15.7213
1 47.3763 27.5001 -1.02375 10.5691
2 24.1681 6.37775 0.647516 -6.61927
3 8.28538 27.668 10.194 0.940711
4 12.3752 41.184 -5.38203 0.00861732
5 21.4529 52.3409 5.75694 -2.10504
10.3023
0 30.5849 13.7394 3.70558 15.7213
1 47.0859 30.4983 -1.02375 10.5691
2 24.3518 4.5 0.647516 6.61927
3 11.1772 27.9349 10.194 0.940711
4 10.8484 41.1864 -5.38203 0.00861732
5 23.086 51.7437 5.75694 -2.10504
11.389
0 34.6115 30.823 3.70558 15.7213
1 45.9734 41.9832 -1.02375 10.5691
2 25.0554 11.6928 0.647516 6.61927
3 22.2546 28.9571 10.194 0.940711
4 5 41.1958 5.38203 0.00861732
5 29.3418 49.4563 5.75694 -2.10504
12.265
0 37.8577 44.5955 21.062 0.643941
1 45.0766 51.2421 -1.02375 10.5691
2 25.6226 17.4916 0.647516 6.61927
3 31.1849 29.7812 10.194 0.940711
4 9.71486 41.2033 5.38203 0.00861732
5 34.3851 47.6122 3.12391 0.182255
12.8098
0 49.3321 44.9463 21.062 0.643941
1 44.5189 57 -1.02375 -10.5691
2 25.9754 21.0977 0.647516 6.61927
3 36.7385 30.2937 10.194 0.940711
4 12.6469 41.208 5.38203 0.00861732
5 36.0869 47.7115 3.12391 0.182255
13.2404
0 58.4 45.2235 -21.062 0.643941
1 44.0781 52.4496 -1.02375 -10.5691
2 26.2542 23.9475 0.647516 6.61927
3 41.1273 30.6987 10.194 0.940711
4 14.9641 41.2117 5.38203 0.00861732
5 37.4319 47.7899 3.12391 0.182255
13.4832
0 53.2862 45.3799 -21.062 0.643941
1 43.8295 49.8835 6.09136 -7.9834
2 26.4114 25.5546 0.647516 6.61927
3 43.6024 30.9271 10.194 0.940711
4 16.2708 41.2138 5.38203 0.00861732
5 38.1904 47.8342 -3.9912 -2.40342
13.6939
0 48.8478 45.5156 17.1206 -26.813
1 45.1132 48.2012 0.29892 -3.81808
2 26.5478 26.9495 0.647516 6.61927
3 45.7506 31.1253 10.194 0.940711
4 17.405 41.2157 5.38203 0.00861732
5 37.3493 47.3277 -3.9912 -2.40342
14.2518
0 58.4 30.5556 -17.1206 -26.813
1 45.2799 46.0709 0.29892 -3.81808
2 26.9091 30.6426 0.647516 6.61927
3 51.4382 31.6502 10.194 0.940711
4 20.4078 41.2205 5.38203 0.00861732
5 35.1225 45.9868 -3.9912 -2.40342
14.6116
0 52.2402 20.9087 -17.1206 -26.813
1 45.3875 44.6972 0.29892 -3.81808
2 27.1421 33.0242 5.37765 -1.46432
3 55.1059 31.9886 10.194 0.940711
4 22.3442 41.2236 1.93377 5.90155
5 33.6865 45.122 -3.9912 -2.40342
14.7484
0 49.8988 17.2417 -17.1206 -26.813
1 45.4284 44.1751 0.29892 -3.81808
2 27.8775 32.8239 5.37765 -1.46432
3 56.5 32.1173 -10.194 0.940711
4 22.6086 42.0307 1.93377 5.90155
5 33.1407 44.7934 -3.9912 -2.40342
15.1833
0 42.4516 5.57846 -17.1206 -26.813
1 45.5584 42.5142 0.29892 -3.81808
2 30.2167 32.1869 5.37765 -1.46432
3 52.0658 32.5265 -10.194 0.940711
4 23.4498 44.5977 0.164254 6.0906
5 31.4045 43.7479 4.201 -3.27863
15.3317
0 39.9113 1.6 -17.1206 26.813
1 45.6028 41.9477 0.29892 -3.81808
2 31.0146 31.9697 5.37765 -1.46432
3 50.5532 32.6661 -10.194 0.940711
4 23.4742 45.5015 0.164254 6.0906
5 32.0279 43.2614 4.201 -3.27863
15.9613
0 29.1323 18.4814 -17.1206 26.813
1 45.791 39.5439 0.901885 -1.5293
2 34.4004 31.0477 5.37765 -1.46432
3 44.1351 33.2583 -10.5737 -0.500622
4 23.5776 49.3361 0.164254 6.0906
5 34.6728 41.1972 4.201 -3.27863
16.0919
0 26.8961 21.9835 -17.1206 26.813
1 45.9088 39.3441 0.901885 -1.5293
2 35.1028 30.8565 -3.78709 -4.26297
3 42.754 33.1929 8.90468 5.44754
4 23.599 50.1316 0.164254 6.0906
5 35.2215 40.769 4.201 -3.27863
16.134
0 26.1753 23.1124 -17.1206 26.813
1 45.9467 39.2797 6.09236 9.26019
2 34.9434 30.677 -3.78709 -4.26297
3 43.1289 33.4223 5.63604 -1.34701
4 23.606 50.388 0.164254 6.0906
5 35.3984 40.631 4.201 -3.27863
16.8913
0 13.2111 43.416 -17.1206 26.813
1 50.56 46.2918 6.09236 9.26019
2 32.0757 27.449 -3.78709 -4.26297
3 47.3967 32.4023 5.63604 -1.34701
4 23.7303 55 0.164254 -6.0906
5 38.5795 38.1483 4.201 -3.27863
17.4501
0 3.64355 58.4 -17.1206 -26.813
1 53.9647 51.4667 6.09236 9.26019
2 29.9593 25.0667 -3.78709 -4.26297
3 50.5463 31.6495 5.63604 -1.34701
4 23.8221 51.5964 0.164254 -6.0906
5 40.9272 36.3161 4.201 -3.27863
17.5695
0 1.6 55.1995 17.1206 -26.813
1 54.6919 52.5721 6.09236 9.26019
2 29.5073 24.5578 -3.78709 -4.26297
3 51.219 31.4888 5.63604 -1.34701
4 23.8417 50.8694 0.164254 -6.0906
5 41.4286 35.9247 4.201 -3.27863
17.9483
0 8.08629 45.0412 17.1206 -26.813
1 57 56.0804 -6.09236 9.26019
2 28.0725 22.9428 -3.78709 -4.26297
3 53.3543 30.9784 5.63604 -1.34701
4 23.904 48.5619 0.164254 -6.0906
5 43.0202 34.6826 4.201 -3.27863
18.0476
0 9.78655 42.3783 17.1206 -26.813
1 56.395 57 -6.09236 -9.26019
2 27.6964 22.5194 -3.78709 -4.26297
3 53.914 30.8447 5.63604 -1.34701
4 23.9203 47.957 0.164254 -6.0906
5 43.4374 34.357 4.201 -3.27863
18.5065
0 17.6421 30.0756 17.1206 -26.813
1 53.5996 52.7511 -6.09236 -9.26019
2 25.9588 20.5634 -3.78709 -4.26297
3 56.5 30.2266 -5.63604 -1.34701
4 23.9956 45.1625 0.164254 -6.0906
5 45.365 32.8526 4.201 -3.27863
18.7192
0 21.2837 24.3723 -20.1464 18.6033
1 52.3037 50.7814 -6.09236 -9.26019
2 25.1532 19.6566 -2.11197 -6.3044
3 55.3012 29.9401 -5.63604 -1.34701
4 24.0306 43.8669 0.164254 -6.0906
5 46.2585 32.1552 4.201 -3.27863
18.9999
0 15.628 29.5949 -20.1464 18.6033
1 50.5933 48.1817 -6.09236 -9.26019
2 24.5603 17.8868 -2.11197 -6.3044
3 53.7189 29.5619 1.83381 -3.33653
4 24.0767 42.1571 0.164254 -6.0906
5 47.4379 31.2348 -7.66084 -0.119348
19.6962
0 1.6 42.5484 20.1464 18.6033
1 46.3512 41.7339 -6.09236 -9.26019
2 23.0897 13.497 -2.11197 -6.3044
3 54.9958 27.2387 1.83381 -3.33653
4 24.1911 37.9162 0.164254 -6.0906
5 42.1037 31.1517 -7.66084 -0.119348
20.5165
0 18.125 57.8077 20.1464 18.6033
1 41.354 34.1382 -6.09236 -9.26019
2 21.3574 8.32584 -2.11197 -6.3044
3 56.5 24.5019 -1.83381 -3.33653
4 24.3258 32.9204 0.164254 -6.0906
5 35.8199 31.0538 -7.66084 -0.119348
20.5483
0 18.7664 58.4 20.1464 -18.6033
1 41.16 33.8434 -6.09236 -9.26019
2 21.2902 8.12512 -2.11197 -6.3044
3 56.4416 24.3957 -1.83381 -3.33653
4 24.331 32.7265 0.164254 -6.0906
5 35.576 31.05 -7.66084 -0.119348
20.6855
0 21.5313 55.8469 20.1464 -18.6033
1 40.3239 32.5725 -5.29164 -9.04771
2 21.0003 7.25991 -2.11197 -6.3044
3 56.1899 23.9378 -1.83381 -3.33653
4 24.3536 31.8906 0.164254 -6.0906
5 34.5246 31.0336 -8.46156 -0.331824
20.9399
0 26.656 51.1147 20.1464 -18.6033
1 38.9779 30.271 -5.29164 -9.04771
2 20.4631 5.65624 -2.11197 -6.3044
3 55.7235 23.0891 -1.83381 -3.33653
4 24.3953 30.3413 -2.72748 -6.31097
5 32.3722 30.9492 4.92608 0.688404
21.0158
0 28.1848 49.703 20.1464 -18.6033
1 38.5763 29.5844 2.1218 -10.8495
2 20.3028 5.17783 -2.11197 -6.3044
3 55.5843 22.8359 -1.83381 -3.33653
4 24.1884 29.8624 -2.72748 -6.31097
5 32.746 31.0015 -2.48736 2.49023
21.1233
0 30.3509 47.7028 20.1464 -18.6033
1 38.8044 28.4179 2.1218 -10.8495
2 20.0758 4.5 -2.11197 6.3044
3 55.3872 22.4771 -1.83381 -3.33653
4 23.8951 29.1839 -2.72748 -6.31097
5 32.4786 31.2692 -2.48736 2.49023
22.3669
0 55.4044 24.5682 20.1464 -18.6033
1 41.443 14.9257 2.1218 -10.8495
2 17.4494 12.34 -6.6276 -6.99699
3 53.1067 18.3279 -1.83381 -3.33653
4 20.5033 21.3357 0.564419 3.38575
5 29.3854 34.366 -2.48736 2.49023
22.5156
0 58.4 21.8021 -20.1464 -18.6033
1 41.7585 13.3125 2.1218 -10.8495
2 16.4639 11.2996 -6.6276 -6.99699
3 52.834 17.8318 -1.83381 -3.33653
4 20.5872 21.8392 0.564419 3.38575
5 29.0155 34.7363 -2.48736 2.49023
22.5887
0 56.9267 20.4416 15.7425 5.62768
1 41.9137 12.5191 2.1218 -10.8495
2 15.9792 10.7879 -6.6276 -6.99699
3 52.6999 17.5878 -5.2624 -5.6514
4 20.6285 22.0868 0.564419 3.38575
5 28.8336 34.9184 -2.48736 2.49023
22.6823
0 58.4 20.9683 -15.7425 5.62768
1 42.1123 11.5037 2.1218 -10.8495
2 15.359 10.1331 -6.6276 -6.99699
3 52.2074 17.0589 -5.2624 -5.6514
4 20.6813 22.4036 0.564419 3.38575
5 28.6008 35.1514 -2.48736 2.49023
23.4661
0 46.0612 25.3792 -15.7425 5.62768
1 43.7753 3 2.1218 10.8495
2 10.1644 4.64895 -6.6276 -6.99699
3 48.0828 12.6294 -5.2624 -5.6514
4 21.1237 25.0573 0.564419 3.38575
5 26.6513 37.1032 -2.48736 2.49023
23.4874
0 45.7261 25.499 -15.7425 5.62768
1 43.8205 3.23096 2.1218 10.8495
2 10.0233 4.5 -6.6276 6.99699
3 47.9708 12.5091 -5.2624 -5.6514
4 21.1357 25.1294 0.564419 3.38575
5 26.5983 37.1563 -2.48736 2.49023
23.6901
0 42.5353 26.6396 -15.7425 5.62768
1 44.2505 5.43002 -6.93524 -9.40241
2 8.67996 5.9182 -6.6276 6.99699
3 46.9042 11.3637 0.441158 7.10201
4 21.2501 25.8157 0.564419 3.38575
5 26.0942 37.661 -2.48736 2.49023
23.9485
0 38.4667 28.0941 -15.7425 5.62768
1 42.4582 3 -6.93524 9.40241
2 6.96709 7.72654 -6.6276 6.99699
3 47.0182 13.1992 0.441158 7.10201
4 21.396 26.6907 0.564419 3.38575
5 25.4513 38.3046 -2.48736 2.49023
24.3207
0 32.6066 30.189 -15.7425 5.62768
1 39.8766 6.5 -6.93524 9.40241
2 4.5 10.3311 6.6276 6.99699
3 47.1824 15.8428 0.441158 7.10201
4 21.6061 27.951 0.564419 3.38575
5 24.5254 39.2316 -2.48736 2.49023
24.6329
0 27.6924 31.9457 7.84926 17.3547
1 37.7116 9.43508 -6.93524 9.40241
2 6.56889 12.5153 6.6276 6.99699
3 47.3201 18.0598 0.441158 7.10201
4 21.7823 29.0079 -0.208638 3.00148
5 23.749 40.0089 -2.48736 2.49023
26.1572
0 39.6573 58.4 7.84926 -17.3547
1 27.14 23.7675 -6.93524 9.40241
2 16.6716 23.1811 6.6276 6.99699
3 47.9926 28.8857 0.441158 7.10201
4 21.4643 33.5832 -0.208638 3.00148
5 19.9574 43.8048 -2.48736 2.49023
26.3824
0 41.4246 54.4925 7.84926 -17.3547
1 25.5785 25.8845 12.9651 12.4299
2 18.1638 24.7565 0.731194 6.09997
3 48.0919 30.4847 0.441158 7.10201
4 21.4173 34.259 -0.208638 3.00148
5 19.3973 44.3655 -2.48736 2.49023
26.5505
0 42.7442 51.5748 7.84926 -17.3547
1 27.7582 27.9743 12.9651 12.4299
2 18.2867 25.7821 -0.488344 2.56146
3 48.1661 31.6787 0.441158 7.10201
4 21.3822 34.7636 0.680406 5.58105
5 18.9792 44.7842 -2.48736 2.49023
27.1589
0 47.5195 41.0167 -0.466126 28.2432
1 35.6458 35.5363 12.9651 12.4299
2 17.9896 27.3404 -0.488344 2.56146
3 48.4345 35.9994 1.23556 2.74589
4 21.7961 38.159 0.680406 5.58105
5 17.4659 46.2992 -2.48736 2.49023
27.7744
0 47.2326 58.4 -0.466126 -28.2432
1 43.6257 43.1867 12.9651 12.4299
2 17.6891 28.9169 -0.488344 2.56146
3 49.195 37.6895 1.23556 2.74589
4 22.2149 41.594 0.680406 5.58105
5 15.935 47.8319 -2.48736 2.49023
28.0353
0 47.111 51.0294 1.10743 42.8692
1 47.0092 46.4305 12.7264 1.64185
2 17.5616 29.5854 -0.488344 2.56146
3 49.5174 38.4061 1.23556 2.74589
4 22.3925 43.0505 0.680406 5.58105
5 15.2858 48.4818 -2.48736 2.49023
28.2073
0 47.3014 58.4 1.10743 -42.8692
1 49.1973 46.7128 12.7264 1.64185
2 17.4777 30.0258 -0.488344 2.56146
3 49.7298 38.8782 1.23556 2.74589
4 22.5095 44.0101 0.680406 5.58105
5 14.8582 48.9099 -2.48736 2.49023
28.5374
0 47.667 44.2463 -34.1305 20.7616
1 53.399 47.2549 12.7264 1.64185
2 17.3164 30.8715 -0.488344 2.56146
3 50.1378 39.7848 4.60196 -3.33299
4 22.7341 45.8527 0.680406 5.58105
5 14.037 49.7321 -2.48736 2.49023
28.8204
0 38.0097 50.1208 -34.1305 20.7616
1 57 47.7194 -12.7264 1.64185
2 17.1783 31.5962 -0.488344 2.56146
3 51.4399 38.8417 4.60196 -3.33299
4 22.9266 47.4319 0.680406 5.58105
5 13.3332 50.4367 -2.48736 2.49023
29.2192
0 24.3994 58.4 -34.1305 -20.7616
1 51.9251 48.3742 -12.7264 1.64185
2 16.9835 32.6177 -0.488344 2.56146
3 53.275 37.5126 4.60196 -3.33299
4 23.198 49.6575 0.680406 5.58105
5 12.3413 51.4297 -2.48736 2.49023
29.3131
0 21.1921 56.449 -42.6917 5.16042
1 50.7291 48.5284 -12.7264 1.64185
2 16.9376 32.8584 -0.488344 2.56146
3 53.7075 37.1994 4.60196 -3.33299
4 23.2619 50.1819 0.960939 4.73164
5 12.1075 51.6638 -2.48736 2.49023
29.6912
0 5.05144 58.4 -42.6917 -5.16042
1 45.9176 49.1492 -12.7264 1.64185
2 16.753 33.8268 -0.488344 2.56146
3 55.4474 35.9393 4.60196 -3.33299
4 23.6252 51.9708 0.960939 4.73164
5 11.1671 52.6052 -2.48736 2.49023
29.7721
0 1.6 57.9828 42.6917 -5.16042
1 44.8887 49.2819 -12.7264 1.64185
2 16.7135 34.0339 -0.488344 2.56146
3 55.8194 35.6698 4.60196 -3.33299
4 23.7029 52.3534 0.960939 4.73164
5 10.966 52.8066 -2.48736 2.49023
29.9199
0 7.91368 57.2196 42.6917 -5.16042
1 43.0066 49.5247 -12.7264 1.64185
2 16.6413 34.4127 -0.488344 2.56146
3 56.5 35.1769 -4.60196 -3.33299
4 23.845 53.0531 0.960939 4.73164
5 10.5982 53.1749 -2.48736 2.49023
29.9283
0 8.27187 57.1763 17.2233 38.8139
1 42.8998 49.5385 -12.7264 1.64185
2 16.6372 34.4342 -0.488344 2.56146
3 56.4614 35.1489 -4.60196 -3.33299
4 23.8531 53.0928 0.960939 4.73164
5 10.5773 53.1957 1.37628 -4.18085
29.9599
0 8.81487 58.4 17.2233 -38.8139
1 42.4986 49.5903 -12.7264 1.64185
2 16.6218 34.515 -0.488344 2.56146
3 56.3163 35.0438 -4.60196 -3.33299
4 23.8834 53.242 0.960939 4.73164
5 10.6207 53.0639 1.37628 -4.18085
29.9872
0 9.2852 57.3401 -2.36208 23.8097
1 42.1511 49.6351 -12.7264 1.64185
2 16.6085 34.5849 -0.488344 2.56146
3 56.1906 34.9528 -4.60196 -3.33299
4 23.9096 53.3712 0.960939 4.73164
5 10.6583 52.9498 4.34746 -13.6811
30.0317
0 9.18005 58.4 -2.36208 -23.8097
1 41.5845 49.7082 -12.7264 1.64185
2 16.5867 34.6989 -0.488344 2.56146
3 55.9858 34.8044 -4.60196 -3.33299
4 23.9524 53.5819 0.960939 4.73164
5 10.8518 52.3407 4.34746 -13.6811
30.3314
0 8.4721 51.2639 -2.36208 -23.8097
1 37.7702 50.2003 -12.7264 1.64185
2 16.4404 35.4666 -0.488344 2.56146
3 54.6065 33.8055 -4.60196 -3.33299
4 24.2404 55 0.960939 -4.73164
5 12.1548 48.2403 4.34746 -13.6811
30.6843
0 7.63865 42.8627 -2.36208 -23.8097
1 33.2798 50.7796 -12.7264 1.64185
2 16.2681 36.3704 2.1709 -4.69942
3 52.9827 32.6295 -4.60196 -3.33299
4 24.5795 53.3305 0.960939 -4.73164
5 13.6888 43.413 -4.62747 10.8244
30.7558
0 7.46962 41.1589 -2.36208 -23.8097
1 32.3691 50.8971 10.8913 -4.76591
2 16.4234 36.0342 2.1709 -4.69942
3 52.6534 32.391 -4.60196 -3.33299
4 24.6482 52.9919 -4.14048 -3.34756
5 13.3576 44.1876 -4.62747 10.8244
31.9395
0 4.6737 12.9761 -2.36208 -23.8097
1 45.2607 45.2559 10.8913 -4.76591
2 18.993 30.4716 2.1709 -4.69942
3 47.2062 28.4458 -4.60196 -3.33299
4 19.7473 49.0295 -4.14048 -3.34756
5 7.88026 57 -4.62747 -10.8244
32.4173
0 3.54512 1.6 -2.36208 23.8097
1 50.4645 42.9787 10.8913 -4.76591
2 20.0303 28.2263 2.1709 -4.69942
3 45.0074 26.8533 -4.60196 -3.33299
4 17.769 47.43 -4.14048 -3.34756
5 5.66929 51.8282 -4.62747 -10.8244
32.9941
0 2.18259 15.3343 -2.36208 23.8097
1 56.7469 40.2296 10.8913 -4.76591
2 21.2825 25.5155 2.1709 -4.69942
3 42.3529 24.9307 -4.60196 -3.33299
4 15.3806 45.499 -4.14048 -3.34756
5 3 45.5843 4.62747 -10.8244
33.0173
0 2.1277 15.8876 -2.36208 23.8097
1 57 40.1189 -10.8913 -4.76591
2 21.3329 25.4063 2.1709 -4.69942
3 42.2459 24.8533 -4.60196 -3.33299
4 15.2844 45.4213 -4.14048 -3.34756
5 3.10753 45.3328 4.62747 -10.8244
33.2407
0 1.6 21.2068 2.36208 23.8097
1 54.5668 39.0541 -10.8913 -4.76591
2 21.8179 24.3564 2.1709 -4.69942
3 41.2178 24.1087 -4.60196 -3.33299
4 14.3594 44.6734 -4.14048 -3.34756
5 4.14132 42.9146 4.62747 -10.8244
33.7548
0 2.81419 33.4458 2.36208 23.8097
1 48.9684 36.6043 -10.8913 -4.76591
2 22.9339 21.9408 2.1709 -4.69942
3 38.8523 22.3954 -4.60196 -3.33299
4 12.2311 42.9526 -3.88089 -3.09293
5 6.52001 37.3505 3.42569 -12.0032
33.7891
0 2.89531 34.2634 -25.8365 3.65454
1 48.5943 36.4406 -10.8913 -4.76591
2 23.0084 21.7794 2.1709 -4.69942
3 38.6942 22.281 -4.60196 -3.33299
4 12.0978 42.8464 -3.88089 -3.09293
5 6.63764 36.9383 7.70353 -8.9456
33.8022
0 2.55851 34.3111 -25.8365 3.65454
1 48.4524 36.3785 -10.8913 -4.76591
2 23.0367 21.7181 2.1709 -4.69942
3 38.6342 22.2375 -4.60196 -3.33299
4 12.0472 42.8061 -3.10055 -2.21333
5 6.73807 36.8217 4.09082 -13.0178
33.8393
0 1.6 34.4467 25.8365 3.65454
1 48.0483 36.2017 -10.8913 -4.76591
2 23.1172 21.5438 2.1709 -4.69942
3 38.4635 22.1139 -4.60196 -3.33299
4 11.9322 42.724 -3.10055 -2.21333
5 6.88983 36.3387 4.09082 -13.0178
33.8787
0 2.61991 34.5909 -16.6907 -8.18729
1 47.6184 36.0136 -10.8913 -4.76591
2 23.2029 21.3583 2.1709 -4.69942
3 38.2818 21.9823 -4.60196 -3.33299
4 11.8098 42.6366 -3.10055 -2.21333
5 7.05132 35.8249 10.5424 -11.2214
33.9398
0 1.6 34.0906 16.6907 -8.18729
1 46.9529 35.7223 -10.8913 -4.76591
2 23.3356 21.0711 2.1709 -4.69942
3 38.0006 21.7786 -4.60196 -3.33299
4 11.6203 42.5014 -3.10055 -2.21333
5 7.69552 35.1392 10.5424 -11.2214
34.1847
0 5.68742 32.0856 5.71168 -8.9181
1 44.2857 34.5552 -10.8913 -4.76591
2 23.8672 19.9202 2.1709 -4.69942
3 36.8736 20.9624 -4.60196 -3.33299
4 10.861 41.9593 -3.10055 -2.21333
5 10.2773 32.3911 12.2079 -11.1105
34.9657
0 10.1482 25.1207 5.71168 -8.9181
1 35.7797 30.8331 -10.8913 -4.76591
2 25.5627 16.2501 -1.63953 -5.74094
3 33.2796 18.3594 3.49659 -1.11936
4 8.43953 40.2308 -3.10055 -2.21333
5 19.8115 23.714 12.2079 -11.1105
35.125
0 11.0578 23.7005 5.71168 -8.9181
1 34.0453 30.0741 -10.8913 -4.76591
2 25.3016 15.3358 0.798128 -10.2842
3 33.8364 18.1811 3.49659 -1.11936
4 7.94576 39.8783 -3.10055 -2.21333
5 21.7556 21.9446 3.98081 4.22288
35.6287
0 13.9347 19.2084 5.71168 -8.9181
1 28.5594 27.6735 2.93694 5.61358
2 25.7036 10.1557 0.798128 -10.2842
3 35.5977 17.6173 3.49659 -1.11936
4 6.38402 38.7634 -3.10055 -2.21333
5 23.7607 24.0717 -9.84739 -6.15661
36.075
0 16.4843 15.2276 5.71168 -8.9181
1 29.8704 30.1793 2.93694 5.61358
2 26.0598 5.56505 0.798128 -10.2842
3 37.1585 17.1176 3.49659 -1.11936
4 5 37.7754 3.10055 -2.21333
5 19.3651 21.3235 -9.84739 -6.15661
36.1786
0 17.0758 14.304 5.71168 -8.9181
1 30.1745 30.7607 2.93694 5.61358
2 26.1425 4.5 0.798128 10.2842
3 37.5206 17.0017 3.49659 -1.11936
4 5.3211 37.5462 3.10055 -2.21333
5 18.3453 20.6859 -9.84739 -6.15661
37.6031
0 25.2122 1.6 5.71168 8.9181
1 34.3582 38.7573 2.93694 5.61358
2 27.2795 19.15 0.798128 10.2842
3 42.5015 15.4072 3.49659 -1.11936
4 9.73789 34.3933 3.10055 -2.21333
5 4.31745 11.9157 -9.84739 -6.15661
37.7369
0 25.9764 2.79313 5.71168 8.9181
1 34.7512 39.5083 2.93694 5.61358
2 27.3862 20.5259 0.798128 10.2842
3 42.9693 15.2574 3.49659 -1.11936
4 10.1527 34.0972 3.10055 -2.21333
5 3 11.092 9.84739 -6.15661
39.0513
0 33.4836 14.5147 5.71168 8.9181
1 38.6114 46.8866 2.93694 5.61358
2 28.4353 34.043 0.798128 10.2842
3 47.5651 13.7862 3.49659 -1.11936
4 14.2279 31.188 3.10055 -2.21333
5 15.943 3 9.84739 6.15661
40.8529
0 43.7737 30.5815 5.71168 8.9181
1 43.9026 57 2.93694 -5.61358
2 29.8732 52.5709 0.798128 10.2842
3 53.8645 11.7695 3.49659 -1.11936
4 19.8139 27.2005 3.10055 -2.21333
5 33.6841 14.0917 9.84739 6.15661
